mixed_precision_analysis: null
quantization_analysis:
  quantized_modules: 0
  quantized_ratio: 0.0
  total_modules: 225
size_comparison:
  compression_ratio: 4.051030690537084
  fp32_size_mb: 12.084602355957031
  int8_size_mb: 2.98309326171875
  size_reduction_percent: 75.31492411706661
